<?xml version="1.0" encoding="UTF-8"?>
<!DOCTYPE svg PUBLIC "-//W3C//DTD SVG 1.1//EN" "http://www.w3.org/Graphics/SVG/1.1/DTD/svg11.dtd">
<!-- Creator: CorelDRAW 2020 (64-Bit) -->
<svg xmlns="http://www.w3.org/2000/svg" xml:space="preserve" width="1252px" height="576px" version="1.1" shape-rendering="geometricPrecision" text-rendering="geometricPrecision" image-rendering="optimizeQuality" fill-rule="evenodd" clip-rule="evenodd"
viewBox="0 0 1629.49 749.67"
 xmlns:xlink="http://www.w3.org/1999/xlink"
 xmlns:xodm="http://www.corel.com/coreldraw/odm/2003">
 <g id="Layer_x0020_1">
  <metadata id="CorelCorpID_0Corel-Layer"/>
  <path fill="black" stroke="black" stroke-width="2.6" stroke-miterlimit="22.9256" d="M33.84 33.84l32.54 0 0 -32.54 32.53 0 32.54 0 32.54 0 32.53 0 32.54 0 32.54 0 32.53 0 32.54 0 32.54 0 32.53 0 32.54 0 32.54 0 32.53 0 32.54 0 32.54 0 32.53 0 32.54 0 32.54 0 32.53 0 32.54 0 32.54 0 32.53 0 32.54 0 32.54 0 32.53 0 32.54 0 32.54 0 32.53 0 32.54 0 32.54 0 32.53 0 32.54 0 32.54 0 32.53 0 32.54 0 32.54 0 32.53 0 32.54 0 32.54 0 32.53 0 32.54 0 32.54 0 32.53 0 32.54 0 32.54 0 32.53 0 0 32.54 32.54 0 0 32.54 -32.54 0 0 -32.54 -32.53 0 -32.54 0 -32.54 0 -32.53 0 -32.54 0 -32.54 0 -32.53 0 -32.54 0 -32.54 0 -32.53 0 -32.54 0 -32.54 0 -32.53 0 -32.54 0 -32.54 0 -32.53 0 -32.54 0 -32.54 0 -32.53 0 -32.54 0 -32.54 0 -32.53 0 -32.54 0 -32.54 0 -32.53 0 -32.54 0 -32.54 0 -32.53 0 -32.54 0 -32.54 0 -32.53 0 -32.54 0 -32.54 0 -32.53 0 -32.54 0 -32.54 0 -32.53 0 -32.54 0 -32.54 0 -32.53 0 -32.54 0 -32.54 0 -32.53 0 -32.54 0 -32.54 0 -32.53 0 0 32.54 -32.54 0 0 32.53 0 32.54 0 32.54 0 32.54 0 32.53 0 32.54 0 32.54 0 32.54 0 32.54 0 32.53 0 32.54 0 32.54 0 32.54 0 32.53 0 32.54 0 32.54 0 32.54 0 32.54 32.54 0 0 32.53 32.53 0 32.54 0 32.54 0 32.53 0 32.54 0 32.54 0 32.53 0 32.54 0 32.54 0 32.53 0 32.54 0 32.54 0 32.53 0 32.54 0 32.54 0 32.53 0 32.54 0 32.54 0 32.53 0 32.54 0 32.54 0 32.53 0 32.54 0 32.54 0 32.53 0 32.54 0 32.54 0 32.53 0 32.54 0 32.54 0 32.53 0 32.54 0 32.54 0 32.53 0 32.54 0 32.54 0 32.53 0 32.54 0 32.54 0 32.53 0 32.54 0 32.54 0 32.53 0 32.54 0 32.54 0 32.53 0 0 -32.53 32.54 0 0 32.53 -32.54 0 0 32.54 -32.53 0 -32.54 0 -32.54 0 -32.53 0 -32.54 0 -32.54 0 -32.53 0 -32.54 0 -32.54 0 -32.53 0 -32.54 0 -32.54 0 -32.53 0 -32.54 0 -32.54 0 -32.53 0 -32.54 0 -32.54 0 -32.53 0 -32.54 0 -32.54 0 -32.53 0 -32.54 0 -32.54 0 -32.53 0 -32.54 0 -32.54 0 -32.53 0 -32.54 0 -32.54 0 -32.53 0 -32.54 0 -32.54 0 -32.53 0 -32.54 0 -32.54 0 -32.53 0 -32.54 0 -32.54 0 -32.53 0 -32.54 0 -32.54 0 -32.53 0 -32.54 0 -32.54 0 -32.53 0 0 -32.54 -32.54 0 0 -32.53 -32.54 0 0 -32.54 0 -32.54 0 -32.54 0 -32.54 0 -32.53 0 -32.54 0 -32.54 0 -32.54 0 -32.53 0 -32.54 0 -32.54 0 -32.54 0 -32.54 0 -32.53 0 -32.54 0 -32.54 0 -32.54 0 -32.53 32.54 0 0 -32.54zm1594.35 585.68l0 32.54 -32.54 0 0 -32.54 0 -32.54 0 -32.54 0 -32.54 0 -32.53 0 -32.54 0 -32.54 0 -32.54 0 -32.53 0 -32.54 0 -32.54 0 -32.54 0 -32.54 0 -32.53 0 -32.54 0 -32.54 0 -32.54 0 -32.53 32.54 0 0 32.53 0 32.54 0 32.54 0 32.54 0 32.53 0 32.54 0 32.54 0 32.54 0 32.54 0 32.53 0 32.54 0 32.54 0 32.54 0 32.53 0 32.54 0 32.54 0 32.54z"/>
  <polygon fill="red" points="33.84,66.38 66.38,66.38 66.38,33.84 1563.06,33.84 1563.06,66.38 1595.6,66.38 1595.6,652.06 1563.06,652.06 1563.06,684.59 66.38,684.59 66.38,652.06 33.84,652.06 "/>
  <polygon fill="black" fill-opacity="0.301961" points="1.3,684.59 33.84,684.59 33.84,717.13 66.38,717.13 66.38,749.67 1563.06,749.67 1563.06,717.13 1563.06,684.59 1595.6,684.59 1595.6,652.06 1628.14,652.06 1628.14,684.59 1595.6,684.59 1595.6,717.13 1563.06,717.13 66.38,717.13 66.38,684.59 33.84,684.59 33.84,652.06 1.3,652.06 "/>
 </g>
</svg>
